Test 1 FP
Start:	0.510416 s
End:	0.541138 s

Test 2 Fixed
Start:	0.510416 s
End:	0.511952 s

Test 3 FP
Start:	0.510416 s
End:	0.511133 s

Test 4 Fixed
Start:	0.510416 s
End:	0.511081 s